probeset	chip0	chip1	chip2	chip3	chip4	chip5	chip6	chip7	chip8	chip9	chip10	chip11	chip12	chip13	chip14	chip15	chip16	chip17	chip18	chip19	chip20	chip21	chip22	chip23	chip24	chip25	chip26	chip27	chip28	chip29	chip30	chip31	chip32	chip33	chip34	chip35	chip36	chip37	chip38	chip39	chip40	chip41	chip42	chip43	chip44	chip45	chip46	chip47	chip48	chip49
gene0	45.406	58.846	35.119	57.661	62.458	13.191	33.61	32.526	18.658	2.8769	39.713	18.819	36.907	37.862	12.762	4.7037	-0.10065	25.971	15.865	33.229	45.762	48.068	-12.989	38.821	46.797	26.266	27.109	27.703	37.325	34.306	-3.6177	15.414	8.4514	23.718	16.475	34.629	33.122	43.044	34.323	45.183	21.051	1.9227	30.889	16.044	1.8214	13.678	49.437	35.382	56.306	29.859
gene1	52.568	70.265	45.221	40.382	47.411	38.035	14.32	17.89	52.738	15.101	47.5	26.279	40.342	20.04	50.937	43.202	67.205	12.879	55.88	46.685	35.358	15.112	32.64	-4.7206	6.5927	13.532	5.0479	28.038	28.216	42.458	37.744	15.629	26.69	15.613	-3.18	18.501	13.873	17.826	46.192	48.228	50.893	35.332	21.648	21.162	2.2063	14.912	13.069	25.36	52.875	43.111
gene2	65.435	40.053	24.452	60.076	54.003	32.231	20.891	4.8728	50.705	35.349	23.609	16.187	43.786	41.573	9.617	12.659	34.685	1.0039	6.229	25.884	35.392	48.567	45.083	49.97	20.018	38.444	1.728	3.6396	6.2975	-2.0687	34.801	-2.0998	13.554	14.57	42.594	23.823	-17.667	24.395	24.66	38.39	45.841	29.794	61.317	26.446	42.343	1.8962	-8.4649	44.215	25.594	10.313
gene3	49.166	52.61	66.24	54.758	56.948	5.1608	43.901	44.837	28.952	38.856	12.58	12.847	-12.959	28.474	36.633	13.415	0.015972	17.138	-5.6142	17.406	6.9788	29.599	3.4358	52.988	-1.0342	23.664	26.445	23.123	25.352	18.491	22.748	18.11	-3.2137	43.301	18.552	37.588	-0.99733	23.439	24.492	15.88	48.99	11.185	33.121	40.282	20.254	50.707	28.586	24.001	41.178	27.747
gene4	34.125	63.595	46.051	60.194	56.884	47.811	48.6	45.445	15.401	26.766	16.007	25.103	48.857	33.182	16.134	11.438	31.618	59.643	-1.7027	30.263	7.8247	7.3721	-2.1458	5.256	5.1849	27.045	9.7317	35.479	29.749	3.8852	33.956	41.957	38.332	43.606	25.289	33.51	9.2428	34.749	5.674	17.983	11.325	31.329	44.958	16.633	18.831	25.823	29.043	16.263	48.942	31.891
gene5	45.474	41.147	59.918	69.619	53.859	2.7282	21.051	45.145	12.351	35.606	22.143	44.276	36.253	29.904	16.956	3.1598	33.48	55.774	37.402	23.883	22.576	36.408	22.627	14.033	12.998	10.853	10.81	45.83	5.034	34.947	20.683	33.386	4.2453	-15.101	24.471	1.0508	24.564	2.4328	3.7091	15.008	23.13	41.683	19.648	29.143	-3.6133	8.2184	-1.5288	15.698	24.116	23.867
gene6	68.376	58.68	42.838	65.808	50.058	40.507	21.541	21.535	36.803	-0.14492	6.309	27.916	44.508	-0.42642	42.73	35.908	11.17	14.44	59.782	-7.2644	42.452	4.3325	11.946	11.731	24.418	33.393	35.086	51.207	8.6077	19.25	35.189	36.807	41.397	24.573	54.208	36.539	35.668	14.51	10.313	35.073	58.83	29.709	25.847	52.028	15.926	12.164	49.996	22.529	63.777	24.51
gene7	43.824	46.485	57.359	56.069	52.714	32.756	-4.8589	6.6426	4.0256	15.758	44.743	5.2629	12.328	42.199	8.8676	49.324	48.429	19.155	25.447	-1.4033	28.085	35.062	33.472	42.435	41.74	32.11	49.232	12.365	24.902	11.597	5.4934	61.482	33.349	2.1021	38.683	7.443	14.633	28.501	18.769	39.979	2.4974	19.313	46.558	12.593	32.772	30.746	13.191	3.174	48.616	7.4215
gene8	32.599	53.07	57.651	52.667	65.854	10.971	36.079	29.239	18.288	-0.071241	44.375	14.065	38.173	-9.2475	-1.5891	33.885	24.193	37.458	5.2139	22.338	42.36	10.719	34.567	17.791	24.304	17.553	-6.9306	2.7312	-3.6153	1.1652	16.622	18.982	24.496	-7.892	35.855	50.371	32.599	35.181	21.344	40.13	34.015	25.026	3.0743	39.877	-7.7527	21.971	21.183	32.985	9.0948	47.465
gene9	56.353	64.1	55.857	63.13	59.768	26.823	37.579	23.455	58.279	12.345	39.461	29.402	-8.6151	22.58	59.164	-0.31765	7.4659	32.793	2.8324	38.161	19.397	26.284	6.8425	-3.8841	0.81523	17.894	22.222	18.848	30.746	30.359	13.59	42.017	17.685	33.338	31.378	54.032	33.702	23.04	43.023	5.4398	32.413	13.152	-4.4426	36.909	9.2472	13.208	43.809	11.884	31.366	22.908
gene10	41.366	24.726	13.912	34.879	14.063	58.042	66.633	53.22	61.996	73.68	55.752	16.627	27.388	14.903	9.2667	16.446	45.17	31.175	40.422	30.03	12.354	23.683	50.844	0.25791	42.222	23.066	46.75	35.162	23.711	14.821	27.249	21.146	-8.1953	20.58	36.756	37.564	15.164	4.8283	26.626	16.136	55.415	16.039	27.333	16.24	35.296	-11.031	28.104	17.277	3.7979	12.341
gene11	40.347	1.2421	-4.9302	16.988	34.901	52.058	67.21	50.125	58.426	53.892	5.4854	11.035	10.712	39.24	14.022	29.938	2.8592	12.032	5.3411	2.9053	14.9	24.368	55.037	30.698	-16.347	16.62	37.995	15.015	-7.0556	22.922	36.479	21.897	17.393	58.125	55.082	16.312	10.19	39.623	-12.735	4.335	53.629	1.1317	34.671	8.6574	17.451	22.25	38.645	52.344	31.453	28.977
gene12	25.423	25.623	24.751	45.804	43.026	45.654	67.916	53.673	56.588	58.436	28.196	31.713	-0.37544	0.81239	25.997	19.024	51.548	5.3468	36.516	6.0659	4.6612	29.244	52.553	15.377	3.3802	26.01	35.129	39.702	26.481	-3.5768	29.32	39.582	38.822	40.607	21.803	14.925	20.356	20.007	26.023	25.724	44.168	36.804	34.284	-2.3603	28.646	4.5982	36.944	59.073	48.581	30.829
gene13	43.311	43.972	6.0327	22.455	-1.9376	42.53	68.196	51.427	52.623	63.15	21.366	27.28	54.125	26.651	15.578	15.423	16.186	49.788	26.396	-0.68423	37.928	42.104	21.093	45.944	45.676	5.0721	-0.36554	-5.7377	29.537	-3.1701	38.564	29.611	31.102	31.54	47.937	30.881	60.277	23.801	21.098	-1.1113	13.799	13.638	4.0574	42.074	41.936	16.618	46.196	7.6704	-9.753	14.609
gene14	26.179	27.158	28.585	46.111	43.039	60.789	71.98	59.281	49.457	62.005	43.561	12.83	37.39	37.023	44.869	22.174	0.068721	1.4041	30.299	18.416	36.043	14.573	16.179	25.38	35.455	11.066	50.695	18.067	12.114	29.783	58.605	29.883	39.358	29.347	61.569	33.676	15.518	25.642	8.6264	25.475	14.205	9.1392	10.6	38.637	1.4041	31.666	5.3791	46.821	17.123	13.46
gene15	24.657	25.26	59.654	21.003	23.599	52.061	64.324	37.024	74.023	47.297	29.29	33.974	28.76	16.072	34.187	51.072	17.502	31.003	4.7064	1.7975	52.258	28.041	60.063	39.345	28.335	49.039	40.666	15.166	39.101	47.139	2.1889	37.585	12.299	43.029	10.318	-2.4831	7.5435	23.374	5.9601	10.895	25.534	20.578	6.9774	26.95	50.121	33.791	28.752	2.4143	10.757	28.638
gene16	32.953	21.23	37.078	16.792	17.047	46.651	66.239	52.173	74.145	52.78	5.0499	4.8486	44.157	21.461	32.581	34.196	8.28	16.894	29.858	45.369	27.145	16.966	44.482	55.43	31.658	7.7214	35.482	43.088	21.596	18.31	14.675	39.036	51.904	3.398	19.599	-0.49383	40.488	11.257	32.894	36.687	20.662	10.409	1.3308	12.889	40.001	55.703	12.018	25.192	17.874	28.633
gene17	13.3	51.509	44.948	42.984	38.685	54.332	46.581	56.146	47.378	51.106	-5.93	26.174	41.051	38.071	-0.16257	6.9631	0.43238	0.52042	27.446	32.565	31.321	36.713	33	37.582	9.8612	30.918	29.3	-3.8695	34.103	25.139	3.6782	17.597	13.12	10.3	-8.0872	8.3398	34.119	13.675	40.626	11.773	22.357	24.617	29.266	9.9338	8.4845	3.1167	17.104	40.526	-9.6008	4.009
gene18	22.61	41.626	16.912	55.533	33.844	92.109	49.061	49.453	44.221	40.614	9.4761	10.808	3.7924	7.2874	28.781	-1.9671	34.933	51.259	41.105	-6.4617	19.472	-3.6498	19.557	36.013	50.064	43.491	26.322	4.6727	-0.24275	15.906	54.627	21.41	24.452	24.935	43.075	31.708	43.89	25.425	46.511	42.117	36.431	37.848	55.185	17.014	51.42	32.248	37.376	28.588	25.462	48.303
gene19	27.463	9.8599	8.3721	46.964	28.55	55.6	45.455	63.821	55.034	61.628	20.382	35.966	24.296	7.1941	-9.8333	29.368	1.1028	5.2537	30.522	18.202	33.512	6.4653	-3.219	16.698	19.551	18.478	53.229	34.95	39.494	6.9149	6.5484	21.077	36.587	6.8978	-1.5976	35.307	26.78	25.06	26.063	9.5053	-0.014632	34.194	39.779	1.2396	21.119	48.018	55.818	12.192	32.536	22.583
gene20	20.861	32.577	70.064	12.517	38.001	46.111	40.997	15.801	61.362	11.832	69.417	60.356	70.356	86.111	72.731	10.585	45.222	46.635	38.594	41.668	6.3635	4.7577	27.468	33.761	15.418	36.149	-8.2535	53.879	50.906	12.549	47.141	27.256	24.438	31.854	44.712	29.282	39.766	16.498	25.979	22.502	27.315	28.366	6.976	7.9508	13.504	45.267	7.2074	6.3596	46.96	15.076
gene21	14.849	52.902	33.261	12.779	13.572	-10.987	1.3024	57.797	1.014	19.651	56.89	56.218	61.809	53.66	74.973	14.612	-0.88154	11.436	39.323	14.804	17.396	39.655	1.494	31.132	51.493	47.593	-11.94	48.991	-2.1315	51.689	35.383	60.47	24.897	30.331	26.529	44.367	-15.203	23.608	56.14	41.295	46.229	45.012	12.02	49.795	37.328	-1.4349	17.49	34.395	64.96	32.926
gene22	13.743	44.557	17.215	28.409	34.274	8.5223	6.3691	50.736	47.541	57.566	62.768	66.678	68.359	64.231	67.106	18.237	12.094	25.906	44.278	20.436	6.5391	23.949	25.341	17.629	34.623	31.134	47.475	18.031	65.402	2.2594	23.668	-6.9697	48.531	12.725	39.55	-3.4658	10.425	50.282	41.834	25.816	36.175	5.2797	44	28.006	18.991	9.2431	24.299	13.146	-5.7595	35.841
gene23	30.167	31.868	34.172	14.795	43.04	44.931	0.67969	32.673	32.234	2.2158	48.043	55.467	49.256	68.576	62.853	-10.642	27.107	11.248	4.2864	61.462	3.141	35.54	25.586	32.66	21.964	7.7689	40.442	16.889	15.614	18.604	7.3545	32.456	45.736	10.768	16.356	17.345	39.487	35.74	21.544	12.755	27.714	29.05	25.087	8.4728	21.063	21.512	39.389	-6.3989	13.663	45.401
gene24	46.828	-2.6287	32.374	45.34	3.4222	32.035	17.812	24.296	15.878	31.743	60.161	57.02	64.349	53.962	65.916	31.758	-12.19	26.784	19.564	42.523	29.722	47.432	2.7361	-6.6531	5.495	-4.4901	-1.4784	28.771	31.786	35.926	47.485	65.127	33.16	34.893	32.874	11.246	-0.76185	29.066	9.4767	43.61	45.183	29.924	10.882	39.02	26.954	16.154	20.182	-3.036	8.8036	26.011
gene25	6.9081	9.9749	16.573	35.896	31.351	11.308	55.685	1.8765	40.087	4.1548	63.624	63.52	58.988	53.485	68.939	47.529	9.0364	66.393	30.873	25.882	20.99	36.569	0.55576	29.553	8.5406	49.855	-2.251	48.657	22.916	37.504	7.4653	16.742	56.282	51.068	16.327	38.004	15.568	24.258	46.647	36.842	28.77	37.331	55.377	20.546	-16.986	24.77	21.747	19.871	2.5187	18.569
gene26	-4.0611	51.171	24.29	18.357	27.417	50.282	13.307	26.986	47.864	50.916	48.345	66.008	60.014	60.057	67.735	12.634	26.732	2.714	13.477	13.076	61.421	-4.3339	24.642	11.969	0.20873	55.433	35.919	34.281	24.579	28.544	32.049	4.2682	13.516	28.391	6.746	-4.9885	28.027	20.353	10.517	16.68	38.226	47.793	39.488	25.752	26.587	51.77	34.296	0.19341	10.478	2.4631
gene27	31.596	14.163	34.825	39.838	-22.618	3.9243	36.496	54.115	52.591	18.645	72.472	69.843	84.006	52.695	51.642	4.4693	29.521	26.734	8.4198	46.528	51.677	34.475	40.102	7.0828	19.259	4.5971	28.185	48.148	40.272	1.5647	14.475	12.009	19.745	7.2398	14.676	40.002	-1.7592	16.692	32.844	31.413	36.346	47.344	-1.5595	8.3887	15.874	51.997	12.014	9.3254	39.903	4.0302
gene28	28.691	-3.2348	2.7464	54.906	45.437	35.342	29.294	22.044	34.579	25.154	47.954	53.465	62.342	56.876	58.08	39.584	59.015	20.824	35.308	8.7582	40.724	-0.99427	0.10465	30.831	54.805	49.166	50.789	24.102	9.4698	30.396	9.4302	16.186	36.839	44.363	6.2945	22.269	43.269	34.694	20.439	11.324	34.389	51.701	10.791	29.444	26.314	39.459	30.662	-14.014	62.328	17.174
gene29	1.7528	28.84	11.158	2.8818	11.085	32.201	32.694	9.3672	51.915	18.668	53.147	59.722	40.479	84.482	72.375	10.523	52.482	40.749	-2.0677	44.295	30.435	17.269	54.421	41.85	19.309	8.3241	17.361	48.221	26.143	9.2783	22.857	10.892	49.526	12.273	59.561	29.542	18.613	28.028	13.096	-1.4722	-11.002	8.5775	20.858	38.739	37.176	13.663	31.169	6.9145	19.426	18.152
gene30	40.605	9.0556	12.123	29.191	22.755	22.616	46.109	27.269	18.565	47.544	43.766	36.975	11.916	36.531	2.8371	60.379	66.058	54.81	49.697	75.769	37.147	8.8084	8.8179	57	38.7	18.528	4.4428	15.434	41.77	9.8181	29.617	10.511	34.931	45.063	18.12	37.657	23.126	-9.2976	32.005	25.184	5.627	54.18	33.268	31.025	43.464	36.403	43.786	16.235	38.49	25.48
gene31	15.45	-13.361	48.098	37.019	6.9704	14.58	-3.1162	0.29149	18.638	8.0901	30.974	25.357	28.855	63.347	-18.015	57.414	89.585	55.761	60.095	66.316	35.704	45.053	9.5418	7.1541	51.117	23.979	15.294	-18.364	28.01	43.725	26.101	20.234	32.223	32.814	2.2393	17.422	53.749	34.247	-8.7126	23.426	47.625	25.398	0.8748	44.286	35.482	53.324	8.1105	13.408	16.177	42.003
gene32	44.54	17.912	59.072	-3.9655	34.11	32.77	28.679	29.487	40.203	-8.1256	11.444	47.802	11.19	25.428	36.913	70.208	58.078	56.247	57.409	64.073	34.049	17.714	5.5354	0.62369	29.303	37.137	42.191	15.028	28.851	32.294	44.452	17.663	39.219	29.935	4.0037	3.4865	10.127	6.4408	57.675	29.626	14.642	20.8	10.751	35.071	21.234	33.138	31.948	34.592	-4.0746	47.478
gene33	29.911	4.0712	55.578	61.605	22.992	29.92	32.197	19.718	27.66	21.205	12.696	42.159	46.57	32.377	31.328	80.796	74.968	70.836	69.101	72.73	-0.086088	27.301	46.102	7.5598	17	46.984	39.799	16.358	48.088	13.528	5.1816	47.9	36.33	9.4195	-3.2159	12.906	27.151	-9.716	-0.62927	-1.1154	54.661	21.821	4.6335	-0.85096	30.804	58.146	32.709	44.54	7.7239	42.247
gene34	11.12	-0.11335	34.128	-8.6274	29.924	43.799	36.633	22.766	5.1525	-2.6515	5.3141	22.586	-4.2834	33.482	50.63	65.373	62.778	68.024	78.422	61.788	29.107	12.301	46.054	43.32	49.347	27.349	45.924	42.293	-6.5595	1.0929	16.569	11.678	26.557	41.5	20.955	23.049	23.541	0.69383	12.821	47.171	1.1927	41.409	13.871	4.2632	24.664	15.094	10.516	24.919	49.231	21.208
gene35	43.192	17.986	18.514	33.369	43.604	49.569	-2.54	17.038	34.601	19.066	57.211	2.6468	0.53431	43.285	-18.041	50.742	72.463	63.535	75.483	65.791	46.547	27.948	6.605	33.982	-6.5732	32.371	14	4.9188	6.8312	-7.8762	27.483	34.728	48.104	32.777	4.1053	53.377	18.567	-1.5535	12.232	24.25	-6.1189	-15.303	20.1	-10.953	25.676	44.502	6.0058	27.432	43.662	21.88
gene36	9.8939	-0.0088227	22.109	43.435	41.59	37.422	13.625	14.595	-12.71	27.171	35.486	-1.7226	18.414	39.526	18.773	53.428	67.354	71.937	70.422	60.055	22.753	12.059	-7.7959	21.827	27.254	39.418	34.293	43.331	47.761	4.9427	55.046	2.966	40.165	-8.8707	35.839	33.82	38.517	37.612	-7.9698	-3.3858	-3.8974	9.0094	32.858	12.983	10.741	24.531	50.05	53.612	10.686	47.233
gene37	29.38	18.958	-6.3659	26.901	15.903	25.103	-5.1412	-32.252	10.462	11.247	11.053	46.614	22.846	8.1108	57.264	51.833	68.694	67.249	75.751	52.275	26.703	15.826	25.077	24.268	58.934	37.323	4.9946	-9.4832	24.409	8.3677	24.34	-6.1477	28.186	2.9113	14.725	23.041	30.794	-11.98	19.898	10.775	19.942	-4.0657	0.029275	0.90989	35.535	16.729	10.774	59.352	40.222	20.547
gene38	19.273	51.981	37.992	7.4896	34.473	39.746	42.854	38.23	34.339	52.383	20.043	14.681	48.959	58.009	52.132	71.958	59.763	56.715	60.194	45.819	26.708	64.061	20.323	34.898	32.508	2.0567	8.2893	36.512	18.722	44.747	6.9169	14.859	8.0429	35.256	13.14	13.004	25.032	18.51	-13.599	16.02	14.41	34.408	7.2595	-0.82658	48.755	-11.183	44.802	19.216	14.078	52.662
gene39	-6.4899	42.606	24.284	13.558	9.321	9.6251	8.7217	22.462	34.834	-9.9965	32.626	38.879	33.833	9.7839	1.1097	83.259	57.322	58.434	76.79	64.69	20.451	21.588	23.693	37.993	-5.8542	18.129	-4.5782	0.27549	50.859	-2.4347	36.017	-6.284	21.541	33.081	33.932	2.6812	31.69	44.419	23.051	43.51	10.306	22.365	0.7186	21.016	-4.562	27.211	34.242	45.225	25.341	-3.2077
gene40	0.28338	32.89	32.324	6.1831	39.386	10.192	0.21153	36.101	34.733	22.443	13.284	12.714	37.959	34.901	33.778	33.623	28.807	8.6497	16.631	48.141	64.639	87.824	50.092	79.166	93.992	34.39	39.398	14.49	60.576	27.336	22.82	45.694	-6.9045	16.386	1.4971	17.236	25.37	22.592	6.3086	-3.9016	10.951	20.074	26.676	34.188	9.7595	44.277	19.568	27.184	8.2345	22.504
gene41	32.446	-2.5278	40.628	47.337	8.9164	14.571	43.296	27.124	-2.5656	36.09	46.217	14.946	35.66	-4.7805	31.54	16.807	23.432	69.683	28.928	26.082	71.85	59.23	73.937	65.463	78.18	-5.1784	23.899	13.769	15.771	9.3085	18.42	14.014	21.146	18.218	27.15	31.395	37.74	12.511	31.663	26.874	14.298	47.672	26.202	30.493	26.898	14.867	14.862	11.644	2.065	14.775
gene42	9.0344	25.989	35.914	5.8873	6.8372	41.239	39.075	42.591	10.023	30.821	28.734	66.235	46.508	21.955	12.085	16.553	20.18	36.581	58.977	39.583	69.867	69.35	68.044	76.028	66.373	26.84	-0.26807	13.772	27.043	49.899	7.4917	8.698	17.186	11.371	3.7281	45.961	51.041	-4.3919	49.715	1.1846	49.246	39.21	46.569	40.346	21.884	40.174	-10.839	26.104	11.585	34.083
gene43	12.247	30.928	27.515	34.456	-5.1658	48.39	42.723	14.317	19.632	19.974	21.313	15.681	23.011	14.074	27.592	46.941	48.024	8.7223	40.968	30.929	78.832	55.381	74.413	75.001	71.586	27.737	32.7	34.184	51.24	29.224	9.8942	48.146	26.604	2.8533	30.171	-6.7948	-7.2643	28.215	14.71	30.643	26.163	7.0403	48.412	39.016	46.619	-5.086	14.57	57.813	24.652	21.669
gene44	31.834	23.621	15.02	28.667	37.952	18.481	40.749	55.738	6.0673	10.478	27.914	23.074	34.91	26.812	26.137	23.344	20.869	56.306	37.653	19.519	84.281	70.774	71.539	61.314	88.273	29.096	17.769	14.69	-0.78433	53.393	24.184	36.338	38.181	35.658	-9.5995	27.504	16.326	20.655	28.814	8.5748	29.416	13.49	1.2915	49.014	36.187	6.8523	34.843	52.288	19.923	49.743
gene45	20.861	35.367	60.504	40.795	20.029	14.086	32.812	38.481	19.031	16.779	19.927	13.273	11.193	13.026	59.935	37.662	29.787	16.955	33.192	56.671	69.056	88.15	95.199	68.919	89.715	-9.1195	7.8512	3.9782	18.94	18.949	22.612	22.213	47.726	15.525	-9.3737	9.0792	7.3117	35.464	40.646	26.54	31.743	7.098	21.623	31.615	9.4788	25.423	7.878	16.046	-9.4287	24.341
gene46	46.011	37.168	14.81	3.0824	40.815	47.877	-8.3657	42.087	9.8739	23.482	50.64	20.102	2.3853	27.445	29.47	37.024	13.203	40.858	46.347	26.822	66.44	57.504	65.855	70.129	87.511	16.075	30.856	-0.41662	8.5097	47.096	36.232	32.699	51.162	17.934	2.0582	-1.0169	25.74	16.075	10.436	17.095	35.74	21.874	23.402	18.247	13.607	13.835	26.506	16.327	12.747	40.776
gene47	29.836	35.166	19.017	7.2198	33.751	51.502	0.76372	55.943	42.495	5.9345	12.064	34.004	10.775	28.37	-2.0545	52.599	43.038	22.936	42.492	29.599	74.236	55.211	77.02	79.979	67.738	12.498	3.7832	25.932	15.278	38.207	34.772	50.789	0.84358	27.583	29.886	21.029	24.472	36.949	4.7828	39.11	6.7243	13.371	18.476	37.138	35.422	5.8319	13.01	13.772	42.217	41.883
gene48	0.10577	-21.909	-5.9039	0.72285	4.6306	30.931	5.8785	19.658	35.466	41.18	-5.6872	18.167	19.23	38.212	4.9631	47.952	56.556	17.129	23.583	7.2156	51.335	54.762	58.229	85.797	92.915	45.642	39.354	51.736	41.012	23.479	30.011	47.125	52.588	40.855	10.453	58.541	33.165	24.56	47.095	35.156	47.633	32.708	40.358	10.558	52.564	-9.8711	32.602	0.65427	22.586	26.494
gene49	33.756	17.091	28.437	37.897	27.346	27.733	47.547	42.802	20.96	49.214	10.478	12.475	39.665	38.072	17.395	18.803	12.852	19.557	57.973	12.274	94.914	69.253	63.769	69.841	68.285	56.343	27.919	40.21	53.58	56.691	26.589	7.4716	36.042	45.619	14.099	31.501	39.684	31.568	33.537	8.8124	8.1126	1.3179	18.638	53.514	32.823	15.688	33.439	31.612	0.83087	22.799
gene50	16.151	56.501	29.576	24.182	34.038	10.972	29.216	7.5773	10.013	46.239	36.692	5.9436	30.323	10.098	0.34146	39.442	59.576	5.3564	17.99	17.463	60.039	14.651	36.262	35.759	13.147	84.687	88.211	62.347	87.249	88.265	26.689	34.816	39.553	30.183	19.637	22.687	29.373	9.1561	21.409	10.327	7.0605	47.716	35.437	10.929	19.595	12.128	17.988	11.129	19.092	40.028
gene51	9.5496	15.071	11.072	16.761	16.123	19.441	32.432	24.336	20.137	17.074	40.671	40.249	10.29	13.653	19.422	28.41	40.946	26.587	50.755	42.666	39.127	16.613	30.221	46.264	10.176	64.276	61.919	106.87	58.912	80.323	35.66	14.195	55.286	51.064	38.638	28.263	7.5037	38.269	10.787	20.693	-5.9702	39.714	-4.5301	3.4908	22.386	-16.803	32.441	23.72	37.493	29.467
gene52	51.981	31.645	14.812	20.934	17.423	48.348	-3.1905	23.585	42.892	41.168	-15.726	27.901	38.686	0.95282	46.031	19.313	31.54	34.864	9.7486	6.6822	8.7284	44.937	22.323	30.175	28.98	70.98	72.19	83.63	85.962	65.811	45.537	34.957	31.2	38.189	14.669	-5.5903	32.413	21.646	44.099	-2.5959	28.68	-10.827	29.719	42.791	21.851	14.848	14.323	20.337	-4.2131	-7.1693
gene53	31.875	21.831	78.736	29.491	35.777	25.103	23.141	7.4343	3.6479	1.5108	-16.888	4.1169	49.226	36.531	46.906	42.17	0.6563	54.778	25.465	10.984	2.7881	51.724	37.13	16.451	20.824	70.421	70.02	78.351	71.925	86.965	24.919	6.2641	-3.5085	24.553	53.251	37.051	34.51	-0.41929	26.231	8.4055	25.453	25.939	35.782	13.243	18.552	47.944	-11.656	27.373	25.046	17.369
gene54	3.5962	27.828	53.226	23.722	39.989	32.535	7.1	32.204	47.324	9.4409	17.978	18.258	13.873	46.034	39.253	26.61	8.5467	-5.1606	-5.9291	46.007	19.3	48.791	32.477	44.728	30.613	88.854	71.244	81.304	68.024	63.202	28.018	31.335	9.2972	65.572	-8.3355	8.483	26.777	32.677	42.08	61.127	1.3557	35.744	35.653	8.7938	46.236	45.047	35.561	44.496	35.225	4.0377
gene55	7.6177	31.54	30.322	9.3549	9.7836	8.5605	9.4886	33.988	19.376	45.617	27.428	48.133	-3.5736	41.12	43.929	58.335	42.02	19.214	18.038	49.375	9.9038	10.856	-0.99004	22.492	24.758	69.211	66.192	81.533	78.809	81.493	38.699	20.321	7.8414	5.2982	51.459	21.881	27.347	12.2	37.762	20.719	12.157	29.929	23.162	3.7357	6.5712	3.8729	46.667	46.643	13.55	30.44
gene56	13.038	21.216	41.514	6.0596	17.446	8.6203	19.534	8.0443	15.187	23.52	47.337	-18.531	10.935	-12.491	5.8864	1.0192	0.60154	5.7087	23.358	36.132	28.845	-6.8391	46.452	9.9181	32.325	86.113	71.614	77.451	92.695	67.703	35.475	14.132	4.7674	54.353	15.158	28	30.155	18.205	47.392	-2.503	42.327	12.726	36.183	31.59	19.044	25.009	15.498	55.697	14.032	22.836
gene57	-8.0669	5.7074	48.193	28.488	5.4416	25.384	56.517	21.382	16.413	34.236	56.372	22.357	11.362	35.282	46.518	49.864	34.187	36.337	30.245	45.103	45.189	29.244	1.1093	42.596	10.051	78.514	84.127	88.26	69.586	95.361	-3.0211	12.924	18.345	39.541	27.841	9.2713	15.012	37.675	32.012	31.577	35.68	46.554	34.689	-3.4633	8.4611	21.965	45.241	44.373	-4.7701	48.928
gene58	39.164	24.285	62.412	3.8528	36.229	41.215	39.805	23.812	33.698	-8.7716	-5.8939	55.334	24.904	44.505	13.944	23.422	10.127	22.153	32.968	-2.8642	24.316	20.298	23.736	3.1305	23.056	68.897	72.783	96.807	84.407	87.78	18.321	37.096	1.7895	32.663	49.743	4.8541	35.524	18.142	41.712	3.2665	31.449	53.231	14.057	12.999	33.04	39.61	8.0845	30.605	43.966	16.31
gene59	26.203	14.036	65.887	32.355	9.7384	56.611	11.141	6.4533	39.122	22.704	29.6	28.344	8.1068	36.096	-9.9127	43.587	23.633	29.078	59.826	31.335	29.902	58.692	-8.0455	29.487	9.816	62.866	86.161	66.996	79.508	80.147	9.0207	36.766	11.523	39.991	45.966	18.389	36.213	11.238	-17.496	12.853	15.126	47.636	9.4924	17.948	31.854	46.723	-6.0339	21.369	55.602	28.017
gene60	45.724	28.478	0.36416	37.258	5.7559	2.2911	-4.1988	53.589	8.0368	-0.56444	4.1888	23.005	-1.4126	-2.5303	31.899	38.588	-0.32267	46.981	14.273	17.529	9.206	28.654	39.611	27.593	7.2684	27.123	16.039	22.021	39.981	-15.105	76.97	91.5	75.169	86.724	81.491	36.306	22.258	2.3807	19.97	26.237	33.041	14.492	53.069	2.6722	28.394	10.432	19.593	32.946	29.222	9.7399
gene61	15.366	21.877	17.07	28.81	40.935	18.977	10.414	4.9486	13.115	10.243	40.062	15.819	-1.421	30.794	24.508	-9.6835	19.093	32.927	57.146	22.909	25.474	52.654	26.038	28.956	12.548	-3.062	18.483	2.6781	39.665	48.745	80.274	66.904	66.985	81.553	79.792	-3.4036	42.014	16.868	39.19	21.829	15.222	13.896	10.423	19.128	32.919	-2.12	15.424	23.472	24.098	28.651
gene62	19.752	-4.4601	22.884	22.774	-10.177	14.915	22.302	31.842	46.932	25.726	17.558	17.877	38.135	39.846	25.549	-3.2116	39.034	15.726	34.424	16.392	30.072	24.294	29.588	19.304	14.392	51.431	0.62006	0.50532	46.244	5.401	93.636	91.531	91.68	93.071	96.894	12.238	42.876	10.121	36.777	32.862	0.11951	34.237	32.124	-5.2566	7.0442	11.062	49.238	10.48	28.495	28.245
gene63	55.322	31.364	43.401	41.125	17.373	16.049	16.093	17.455	55.704	21.232	30.758	43.066	17.058	36.573	51.906	30.873	30.617	40.596	5.6602	49.147	42.719	4.7013	32.439	32.588	16.587	35.668	4.9223	28.753	47.354	21.739	97.454	88.501	87.226	84.448	67.842	24.209	17.166	8.4082	22.929	38.547	0.19956	40.567	16.226	2.4054	32.005	39.87	12.939	4.4509	6.1588	51.083
gene64	4.8029	-1.38	6.8753	44.805	14.604	59.653	19.543	18.785	30.691	9.7222	36.619	30.644	-11.834	17.662	36.491	25.359	4.7311	40.874	72.382	38.801	47.901	49.502	3.6227	14.58	31.918	30.31	-9.5666	30.818	44.866	20.287	69.621	73.64	70.403	89.897	94.786	33.652	25.56	14.528	24.033	20.927	22.424	37.081	59.256	16.737	2.0175	28.027	26.323	27.04	44.816	47.247
gene65	48.713	50.201	-17.073	30.02	23.643	18.522	25.633	32.092	26.758	3.3339	37.95	19.832	37.381	4.5454	13.03	9.4091	29.784	40.921	6.7965	2.0936	57.018	15.048	2.4055	48.051	6.1688	0.32608	35.496	3.995	46.422	-1.7559	70.371	68.242	95.623	95.901	81.595	55.826	33.05	50.579	19.809	46.556	49.573	-10.308	26.922	39.369	9.1388	40.084	26.09	13.473	15.577	53.503
gene66	-5.9163	36.869	43.128	14.757	45.775	18.216	21.089	46.659	28.748	-7.2768	5.9605	31.201	29.145	33.795	37.617	34.378	20.539	16.317	-2.2937	14.164	2.4728	11.009	31.889	5.5706	39.976	21.167	61.535	49.956	34.957	3.1855	68.165	77.028	92.709	93.036	85.478	12.327	25.141	20.252	28.297	44.629	2.4077	31.821	13.404	0.345	54.862	43.002	42.453	-6.559	9.4883	5.3927
gene67	0.23679	46.158	-2.7534	37.102	13.858	13.557	24.258	8.0763	38.104	0.0049967	8.8938	22.797	6.1906	7.7659	3.7429	35.767	8.6142	-0.84553	28.349	12.385	4.1411	35.787	31.855	52.181	30.347	36.258	36.284	4.9225	15.363	-2.5511	86.635	101.01	88.222	85.91	62.977	23.845	51.699	41.944	-5.7429	18.977	37.706	43.877	55.084	27.112	34.066	37.915	42.082	47.607	28.49	28.185
gene68	21.923	30.232	20.204	30.474	46.845	5.3914	44.12	2.3339	11.116	51.96	42.797	42.084	25.741	0.49359	14.255	14.747	24.596	8.0521	44.889	55.3	6.2817	25.819	-4.0012	38.042	31.053	35.08	39.733	6.0698	33.864	23.093	68.106	87.205	81.539	84.502	82.676	1.0796	28.318	19.497	40.704	-10.313	26.062	30.829	19.702	-6.9324	30.585	10.525	28.786	-7.3763	33.8	39.375
gene69	11.391	28.417	36.747	17.157	4.2694	21.696	42.346	5.3498	50.136	13.476	30.282	32.2	20.68	-16.445	47.173	20.81	31.713	51.379	-6.6516	0.023733	37.169	29.556	23.948	42.909	26.37	27.637	28.047	8.5667	38.038	37.619	80.694	73.366	89.639	77.35	87.98	13.193	34.895	26.568	9.7838	37.504	32.632	53.973	41.144	25.942	7.8201	20.468	21.433	23.549	19.995	15.187
gene70	58.823	53.297	49.915	44.18	44.753	57.771	10.05	40.074	6.6456	37.236	-0.055945	9.979	22.101	16.699	38.438	20.278	37.918	51.522	44.496	13.887	57.403	-0.49762	3.9225	28.138	11.25	30.448	45.496	32.174	45.673	44.919	13.2	9.1665	16.561	16.747	-11.486	87.455	75.971	84.522	100.21	76.911	23.278	3.564	15.838	45.63	27.845	26.037	0.71423	37.081	20.058	8.1279
gene71	1.41	-6.5655	8.2601	50.294	33.116	29.477	3.3813	29.271	41.863	-7.4084	2.6581	36.942	61.001	38.367	36.76	18.072	27.873	-16.249	40.406	-10.084	33.303	18.511	53.167	43.558	-0.39694	34.35	-0.01135	44.588	24.556	56.933	11.933	36.857	39.093	-0.28896	44.59	83.344	84.393	76.672	93.667	102.16	33.886	23.116	50.895	4.8259	32.339	16.58	16.106	40.649	51.287	7.6091
gene72	15.154	8.0595	18.915	49.119	35.197	16.225	33.127	24.544	7.2898	2.4506	31.511	20.947	53.641	54.891	39.589	8.4446	22.845	27.454	34.029	46.23	33.343	44.65	25.471	35.663	57.057	13.747	44.886	24.928	12.451	15.807	33.285	19.833	30.449	50.239	64.587	82.028	68.293	81.084	72.802	89.523	-5.4646	21.562	31.857	18.617	36.038	41.819	46.727	31.439	21.574	32.669
gene73	13.563	40.775	26.901	48.545	7.0598	18.278	4.5747	-7.1055	24.012	2.7471	5.7956	39.554	19.796	1.0021	16.629	19.906	29.469	21.849	31.65	-8.6652	40.277	39.96	25.403	28.303	28.84	36.831	3.1678	20.634	12.158	8.6201	53.293	10.715	37.657	-0.23593	31.624	87.103	88.146	71.221	101.2	85.866	10.837	54.99	45.586	0.92025	15.923	41.118	40.507	19.598	15.458	12.598
gene74	-9.5448	21.341	16.689	-5.4323	46.429	32.573	26.497	26.284	22.396	-3.4774	-4.1383	-4.0444	9.4558	40.994	8.7462	34.152	2.6276	25.924	4.3908	8.7767	43.218	-10.651	16.98	17.748	28.435	33.034	26.211	6.6354	12.413	0.277	9.7032	11.298	40.35	21.523	46.642	88.021	88.327	75.791	80.064	94.06	8.0306	33.194	8.9631	29.15	-1.9278	20.6	24.269	50.786	21.122	13.937
gene75	18.264	29.711	35.338	26.298	24.133	6.0843	-1.9316	15.399	50.437	29.18	46.274	16.086	21.766	21.144	19.4	12.767	16.638	36.804	43.139	50.143	24.626	17.686	4.3765	7.3385	17.185	4.7546	23.8	26.779	-4.8117	12.634	10.332	5.9783	13.801	9.0585	2.6146	87.199	83.887	73.493	92.109	76.623	5.7662	39.256	34.663	44.287	-3.5736	43.534	48.671	51.011	57.345	52.671
gene76	38.701	31.861	0.54743	24.963	21.009	19.206	43.533	26.899	17.005	21.701	23.6	18.572	-21.103	37.411	52.033	47.235	24.233	44.165	41.193	15.259	6.186	25.927	10.577	42.886	63.543	43.722	45.213	22.142	17.32	16.422	19.023	42.197	3.5196	14.09	44.768	95.636	86.599	83.377	90.431	86.963	38.716	54.106	40.217	22.911	35.423	13.065	-8.1979	50.987	46.157	12.408
gene77	43.337	16.06	18.835	37.85	29.322	18.308	4.574	34.506	4.3254	26.938	9.9499	59.601	47.282	10.051	55.308	29.009	0.48254	43.683	31.718	47.418	42.037	11.69	1.8211	2.7518	23.841	21.11	-3.1435	38.847	21.247	25.71	15.377	32.921	16.968	36.831	64.006	87.521	102.3	95.985	93.416	90.579	45.386	6.6026	48.579	21.487	15.555	23.517	20.209	1.7001	26.065	46.176
gene78	47.202	-8.8808	42.217	11.598	38.293	43.863	35.893	33.695	47.121	7.3689	38.856	31.376	22.079	10.515	9.6632	35.994	34.806	39.819	50.878	20.339	16.335	0.29177	2.2454	41.686	34.58	25.848	33.329	12.645	52.984	33.202	46.806	-3.5669	24.708	1.5338	61.414	74.356	71.372	96.563	97.769	96.973	28.569	26.711	14.759	37.017	36.541	28.36	46.323	50.235	9.5186	25.874
gene79	20.284	53.587	40.977	-0.65497	29.039	29.133	48.592	-0.057366	29.966	37.629	47.373	5.7156	49.357	38.898	3.8582	29.09	36.59	35.766	41.38	7.2861	36.145	48.182	24.338	57.9	11.042	48.193	49.737	29.108	42.924	15.58	21.071	36.487	26.578	12.891	-3.7357	84.77	102.95	85.133	91.192	98.52	43.175	54.086	33.042	45.632	14.912	36.28	29.95	14.255	21.095	31.432
gene80	21.285	13.049	57.865	44.651	15.638	43.929	14.86	26.948	7.8989	46.342	14.675	56.956	13.203	17.161	23.015	30.665	36.535	30.119	55.341	31.902	-0.066499	39.352	43.136	1.8434	25.83	26.648	-7.6408	13.639	35.864	37.46	32.953	15.196	2.1244	-6.1291	18.388	29.257	28.161	43.461	9.7026	-14.184	83.244	89.066	86.251	99.396	106.2	-3.1286	9.6896	5.8791	25.711	36.905
gene81	54.086	33.852	1.7115	34.166	16.124	55.362	8.2213	21.62	1.0292	24.618	19.024	30.701	10.569	-9.8529	30.378	12.103	35.736	19.421	3.4586	22.441	23.547	18.473	29.099	-4.4001	28.059	40.579	60.043	25.54	12.539	14.548	-5.6146	19.229	31.861	34.728	32.598	-17.895	11.695	44.156	18.353	-4.9589	102.96	89.04	98.286	83.578	93.645	11.427	19.841	13.201	44.5	51.242
gene82	21.171	4.8801	12.874	33.959	29.448	-7.2597	55.356	33.465	32.541	8.7263	51.695	31.415	30.696	16.716	46.072	10.44	46.144	15.636	44.487	10.697	16.028	52.182	27.919	-3.7407	21.282	-3.9615	-6.0104	26.607	21.325	9.5714	31.696	10.707	11.346	6.4786	23.493	6.5419	20.794	32.728	-17.857	7.5321	97.197	89.002	84.009	87.276	84.299	28.428	14.106	18.938	40.811	28.911
gene83	29.622	48.307	43.553	9.9409	24.641	7.9844	10.147	5.216	60.822	46.804	26.786	54.95	6.2747	30.486	36.899	8.0211	34.547	9.1861	19.66	37.73	35.673	2.6874	34.529	38.962	43.837	-11.942	19.936	21.753	4.2383	8.8122	49.604	16.774	33.485	24.724	17.593	43.149	5.5063	14.665	49.873	22.579	89.391	77.106	91.973	102.75	84.813	51.882	54.15	11.085	38.773	27.35
gene84	34.376	21.257	43.663	13.632	30.542	12.846	43.171	24.489	20.116	40.667	1.2535	34.251	33.75	16.405	-11.343	12.775	30.722	-3.0443	32.339	23.984	18.909	3.6284	27.116	52.089	-3.1897	22.482	26.059	12.138	15.246	-11.204	22.006	24.295	23.017	50.174	25.159	49.18	42.633	45.923	19.729	-6.6211	100.26	92.993	92.208	94.036	89.672	18.922	5.3151	-7.062	11.674	38.971
gene85	30.443	49.039	1.6007	44.769	24.375	43.254	10.231	6.3044	57.703	26.812	45.905	30.138	33.62	0.64291	22.161	35.007	39.198	47.696	3.0454	36.333	2.4637	14.558	22.837	42.98	45.625	4.4412	28.845	10.837	26.405	-0.8579	24.938	45.668	29.371	10.844	0.65014	36.235	50.561	20.17	33.104	59.058	83.995	98.815	96.125	101.73	88.28	31.234	40.764	19.024	44.408	0.32723
gene86	29.457	3.3307	19.756	29.759	-3.047	30.572	9.3271	23.333	32.282	54.829	55.463	40.44	-10.534	46.018	-0.51905	41.202	59.995	35.855	16.342	35.149	27.63	10.296	17.069	10.503	6.305	33.167	-12.058	37.91	41.916	5.7754	7.7019	41.656	34.551	-0.22543	-2.2814	61.449	49.439	43.718	39.507	-0.30984	110.95	97.595	95.337	95.841	90.866	32.955	35.084	15.62	20.241	18.053
gene87	22.214	21.645	-4.7944	50.845	41.593	2.0315	36.67	20.8	59.298	17.081	-0.87962	40.535	-7.7832	19.708	49.916	32.045	23.874	23.543	32.5	19.802	9.6379	23.71	-1.1599	36.743	2.1247	28.504	31.347	59.975	27.249	7.1973	12.181	38.081	3.2579	7.5945	27.286	-9.2076	11.777	43.24	46.663	4.9839	81.601	81.585	96.895	84.661	89.628	16.115	42.221	29.856	11.383	31.154
gene88	27.101	4.2105	47.295	8.1914	34.23	36.684	3.6016	28.647	3.602	28.667	43.35	20.139	21.804	25.954	24.061	40.87	50.2	12.231	-3.1997	-0.062872	3.8333	31.914	28.788	49.36	49.611	35.969	30.08	11.574	30.169	-3.807	34.366	40.682	2.586	28.41	5.3636	43.69	25.469	15.159	14.761	21.145	99.691	80.016	90.757	80.927	87.112	6.3775	60.214	19.779	13.432	28.524
gene89	-17.952	53.991	34.121	10.919	8.4001	58.681	24.45	41.208	4.672	26.286	24.505	30.375	1.4359	24.968	23.579	19.833	6.5672	17.347	36.094	51.54	26.826	9.2076	30.802	5.2058	29.41	39.649	21.199	25.469	29.323	17.871	48.568	-14.994	16.232	51.471	1.5163	13.121	37.062	17.613	6.7454	13.583	67.448	104.35	99.562	104.93	101.47	4.4165	37.106	28.581	0.7211	0.33237
gene90	37.228	12.612	20.406	10.48	4.3076	41.902	46.962	7.869	37.283	8.8582	31.891	16.907	3.0444	55.57	10.31	34.82	41.668	11.528	21.371	17.157	48.501	18.771	19.595	51.27	30.751	25.595	30.517	21.277	-8.0523	13.494	10.376	-1.4169	37.235	16.017	12.805	31.892	51.304	4.813	-13.563	31.089	19.905	29.827	4.7345	34.829	-15.732	118.84	87.879	91.095	98.154	89.165
gene91	12.694	40.878	27.058	53.764	26.617	34.145	3.3382	40.527	35.763	22.524	-18.069	22.524	21.905	7.3344	11.562	56.799	27.994	39.017	8.7768	44.141	48.448	40.668	51.653	33.586	21.792	4.6457	24.258	13.298	14.549	-19.722	5.98	43.999	29.844	38.304	0.27587	27.041	3.6218	45.842	53.361	0.73031	32.434	33.154	7.7107	-18.61	19.614	98.883	89.713	90.396	106.49	85.9
gene92	9.8406	43.898	12.148	27.464	45.297	15.128	30.951	32.914	37.331	63.8	22.688	26.094	21.719	8.0302	31.526	26.017	6.4144	40.228	41.407	-1.14	16.094	40.935	24.319	7.8707	16.855	-14.364	17.33	26.845	0.87286	37.95	20.966	29.112	13.047	25.657	51.496	26.888	0.040825	43.475	18.771	9.5911	31.507	42.729	-6.72	36.857	32.347	97.65	93.755	90.671	105.52	115.35
gene93	58.803	33.481	4.0501	23.199	21.045	27.098	-9.783	19.846	32.219	27.352	21.902	34.363	48.335	7.8071	34.508	17.278	7.583	21.935	19.405	1.4413	6.0486	65.742	-4.3485	36.668	10.756	6.45	7.3174	18.071	22.728	53.787	40.029	15.171	21.014	40.7	3.6168	37.076	15.378	13.796	16.836	20.701	16.503	13.238	30.015	39.728	60.484	86.26	107.8	113.72	89.741	105.38
gene94	5.8755	25.127	28.505	28.406	9.7174	32.321	40.517	29.936	53.822	43.039	51.965	11.098	30.343	26.529	28.754	14.411	13.702	23.365	47.195	-0.069515	34.974	-12.893	29.42	28.85	-4.2327	7.7531	22.502	45.563	24.782	8.6589	25.851	41.871	20.402	8.2081	37.734	40.311	36.628	41.362	0.88792	7.0146	22.285	33.993	46.089	26.649	4.4368	100.26	104.77	91.921	88.404	100.47
gene95	28.85	35.244	17.223	44.883	12.341	41.848	18.465	22.275	55.751	2.0743	40.78	22.392	-3.6428	40.901	28.2	45.431	26.229	27.536	41.512	-22.107	50.656	11.712	21.351	-3.2021	19.376	36.272	38.79	48.2	4.8602	0.52629	50.7	31.921	17.663	44.2	41.019	50.257	23.168	41.266	-16.541	-5.7983	41.418	25.198	40.664	5.1716	37.105	93.153	101.78	97.395	88.318	111.52
gene96	8.8727	-10.306	6.2217	4.3089	48.498	-4.5171	37.604	19.297	17.931	14.76	14.035	4.5792	-5.0017	8.6049	37.975	19.244	15.541	-2.3822	4.1608	48.263	27.737	55.178	50.476	45.252	14.529	2.2294	58.952	21.219	8.4856	17.465	-0.37364	50.567	19.165	16.177	9.5528	37.835	32.458	5.8617	10.032	60.755	25.195	3.1744	3.5476	53.094	22.412	93.002	90.095	80.731	94.461	96.483
gene97	4.2549	2.209	7.0619	25.995	13.888	1.4276	-3.2121	19.346	12.103	5.3761	53.003	23.401	19.218	7.8074	28.189	28.437	9.9809	38.264	18.68	45.483	29.799	10.84	19.263	9.4023	16.154	38.146	5.4846	3.111	47.092	2.4252	17.61	37.971	12.667	42.635	51.381	29.603	5.2115	20.426	4.0389	33.748	49.011	24.53	11.606	45.148	9.6388	98.137	91.622	106.06	114.81	94.674
gene98	18.628	48.693	29.161	46.331	28.546	15.83	-5.0403	-15.019	4.6664	61.311	22.11	26.473	15.825	55.572	-0.64049	-6.0709	-1.6021	23.418	17.131	39.126	11.774	26.684	44.044	25.868	34.093	30.212	7.2568	-11.96	32.031	50.649	46.603	-6.0904	1.8058	-6.2829	42.036	0.29795	13.543	30.007	5.7361	28.143	19.338	21.673	11.245	33.591	39.172	102.41	102.17	88.943	113.12	95.777
gene99	34.641	50.01	40.923	-4.7465	8.962	-3.856	8.6093	57.685	29.627	32.674	28.73	21.059	24.599	39.06	28.26	14.087	37.716	24.103	34.906	6.0163	-8.8895	13.124	39.822	42.166	47.628	-3.3523	29.476	34.461	3.7204	48.625	56.613	18.087	-8.2179	37.498	30.735	20.249	28.725	-1.2863	36.548	12.878	31.597	41.968	3.7033	16.983	-12.192	98.46	109.21	83.613	94.432	102.47
